fx = 0
fy = 0

xv = 0.7
yv = 2

g = 0.045;
t=0
splash = 0